integral = 5483895.799416
time: 14.476376
